720
740
788
804
755
779
818
853
782
744
749.000000000001
725.999999999999
659.000000000001
631
638.999999999999
629
623.000000000001
663
658.999999999999
651
678.000000000001
793.999999999999
848.000000000003
850.999999999999
856.999999999999
852
824.999999999999
740.000000000002
712
709
721.999999999998
737.000000000002
756.999999999998
731.000000000002
698
683
663
640.000000000001
613
620.999999999999
672.000000000001
742.999999999999
836.000000000002
845.999999999997
855.000000000004
842.999999999996
833.000000000005
764.999999999993
728.000000000002
731.000000000002
734.000000000002
750
757.999999999996
712.000000000003
755.000000000003
788.999999999994
823
810.000000000002
768.000000000001
787.999999999997
822.000000000003
832.999999999998
758.000000000003
738.999999999997
762
762
737.000000000002
737.000000000002
783.999999999999
820
824.999999999996
765.000000000001
757.000000000005
779.999999999994
781.000000000006
775.999999999996
782.000000000004
845.999999999997
880.000000000003
848.999999999997
758.000000000003
777.000000000001
769.999999999996
695.999999999998
747.000000000007
798.000000000002
783.999999999992
792.000000000002
838.000000000008
850.999999999999
793.999999999997
771.999999999991
770.00000000001
756
730.999999999995
771.000000000001
799.000000000007
848.99999999999
777.000000000001
801.000000000002
878
905.000000000001
869
778.000000000006
784.999999999997
813.999999999993
820.000000000007
822.999999999993
796.999999999997
769.000000000005
802.000000000007
789.999999999992
795.000000000002
787.999999999997
759
689.000000000007
677.999999999997
709.999999999994
715.000000000003
710.999999999999
749.000000000009
798.999999999992
775.999999999996
815.000000000012
809.999999999988
844.999999999999
801.000000000002
750
786.000000000001
820.000000000007
887
478.999999999999
494
697.000000000003
830.999999999989
809.000000000012
751.999999999995
712.000000000003
723.99999999999
758.00000000001
780.999999999992
762
710.000000000008
732.99999999999
769.000000000005
808.000000000007
849.999999999994
843.000000000004
804.000000000002
756.999999999991
748.000000000005
775.999999999996
748.999999999995
696.000000000012
652.000000000001
702.999999999989
743.000000000009
801.999999999992
829.000000000008
789.000000000001
710.999999999999
728.999999999999
731.999999999999
778.999999999996
835.999999999999
858.999999999995
767.00000000001
787.000000000006
848.99999999999
876.000000000005
903.999999999996
872.99999999999
883.00000000001
899.000000000001
895.999999999987
862.000000000023
798.999999999978
832.000000000022
873.999999999995
875
472.999999999985
1133.00000000001
760.999999999996
776.00000000001
780.000000000001
769.999999999982
875
478.000000000009
509.000000000015
744.999999999976
784.999999999997
875
906.000000000006
479.000000000013
510.999999999996
734.999999999985
801.000000000016
838.999999999999
877.00000000001
859.999999999985
890.999999999991
940.000000000026
474.999999999994
513.999999999982
719.000000000023
780.000000000001
812.999999999988
831.999999999994
843.999999999994
838.000000000022
893.999999999977
928.000000000026
483.99999999998
485.000000000014
689.999999999998
784.999999999997
818.999999999988
808.000000000021
849.999999999994
925.999999999988
950.999999999993
904.000000000025
790.999999999997
786.999999999978
763.000000000005
718.000000000018
665.999999999997
664.999999999992
663.000000000011
658.999999999992
739.000000000004
719.999999999999
683.999999999997
686.000000000007
685.000000000002
742.999999999995
806.999999999988
841.000000000008
823.000000000008
748.999999999995
723.99999999999
764.00000000001
763.999999999982
789.000000000016
832.999999999998
866.99999999999
900.000000000006
900.000000000006
891.999999999996
881
911.000000000001
933.999999999997
944.000000000017
941.999999999979
481.999999999999
542.000000000002
608.000000000004
836.999999999989
942.000000000007
967.000000000013
939.999999999998
478.000000000009
494.999999999976
711.000000000013
765.999999999991
823.000000000008
881
933.999999999997
879.999999999995
864.000000000004
888.000000000005
901.999999999987
475.000000000023
484.999999999985
687.000000000012
744
804.000000000002
881.999999999977
931.000000000012
888.000000000005
860.99999999999
894.000000000005
914.999999999992
478.000000000009
496.000000000009
682.999999999993
730.999999999995
747.99999999999
791.000000000025
838.999999999999
839.999999999975
874.000000000024
881.999999999977
880.000000000024
787.999999999982
739.000000000004
745.000000000005
776.999999999987
825.000000000017
793.000000000006
835.999999999984
876.000000000005
891.999999999996
831.999999999994
835.000000000008
856.999999999999
871.000000000009
820.999999999998
765.999999999991
830.000000000013
863
855.999999999995
835.000000000008
847.999999999985
771.999999999991
730.000000000018
710.000000000008
762.999999999977
852.000000000004
905.000000000001
936.000000000007
477.000000000004
1155
490.999999999985
1051.00000000002
692.999999999984
691.000000000003
753.000000000014
850.999999999999
965.99999999998
930.999999999983
475.000000000023
1137
699.000000000012
702.999999999975
771.999999999991
836.000000000013
905.00000000003
473.99999999999
495.000000000005
793.999999999983
942.999999999984
938.000000000045
474.999999999966
501.000000000033
805.000000000007
934.999999999945
927.000000000021
874.000000000024
907.999999999959
898.000000000025
473.99999999999
484.000000000037
661.000000000001
792.99999999995
882.000000000005
918.000000000006
869.000000000028
860.99999999999
867.000000000019
887.999999999977
850.000000000023
847.999999999956
877.00000000001
888.000000000034
825.999999999965
795.000000000016
807.000000000016
842.999999999961
770.000000000039
799.999999999955
834.000000000003
869.000000000028
863.999999999976
830.000000000041
852.999999999952
873.000000000047
477.999999999952
481.000000000051
684.999999999945
776.00000000001
807.000000000016
850.000000000023
849.999999999966
829.000000000008
864.000000000033
887.999999999977
855.000000000018
852.999999999952
878.000000000043
863
795.999999999992
769.000000000005
794.999999999959
829.000000000008
798.000000000002
781.000000000006
831.000000000017
915.999999999997
889.00000000001
820.99999999997
840.000000000032
863.999999999976
478.000000000009
482.000000000028
658.999999999992
748.999999999967
798.000000000002
876.000000000033
860.99999999999
848.99999999999
896.000000000015
947.999999999979
478.000000000009
521.000000000015
752.999999999986
863
920.999999999992
867.000000000019
860.99999999999
882.999999999981
871.000000000038
814.999999999998
788.999999999987
824.000000000012
882.000000000005
907.999999999959
860.000000000014
870.999999999981
885.000000000048
890.999999999963
859.000000000037
867.999999999995
894.000000000005
885.999999999967
867.999999999995
893.000000000029
897.999999999968
475.999999999999
492.000000000019
653.999999999996
791.999999999973
878.000000000043
889.00000000001
856.999999999971
882.999999999981
903.00000000002
874.000000000024
818.99999999996
833.000000000027
855.999999999995
829.999999999984
811.000000000035
849.999999999966
893.000000000029
854.999999999961
847.000000000037
853.999999999985
846.99999999998
795.000000000016
810.999999999979
855.000000000018
848.99999999999
817.000000000007
848.99999999999
855.000000000018
831.999999999994
788.000000000011
826.999999999998
844.99999999997
823.000000000036
810.999999999979
867.000000000019
872.99999999999
785.000000000025
743.999999999971
788.000000000011
834.000000000003
908.999999999992
879.000000000019
859.999999999957
889.00000000001
918.000000000006
875
855.999999999995
881.000000000029
904.999999999973
910.000000000025
827.999999999975
817.000000000007
855.999999999995
898.000000000025
826.999999999998
846.000000000004
855.999999999995
796.999999999969
746.000000000038
818.99999999996
859.000000000037
906.000000000006
495.999999999981
1168.00000000001
742.999999999995
747.000000000014
725.999999999999
747.99999999999
798.999999999978
866.000000000042
840.999999999951
783.000000000015
800.999999999988
822.000000000003
751.000000000033
778.999999999996
810.000000000002
772.999999999968
806.00000000004
853.999999999985
476.999999999975
1137
489.000000000033
1043.00000000001
669.999999999959
641.999999999996
698.000000000036
812.999999999988
932.999999999993
480.999999999995
516.999999999996
768.000000000029
954.999999999984
480.999999999995
593.999999999994
913.000000000011
958.000000000027
477.999999999952
504.000000000019
858.99999999998
1016.00000000002
478.000000000009
528.00000000002
800.999999999988
894.999999999982
948.000000000036
956.999999999994
477.999999999952
501.000000000033
757.000000000005
865.000000000009
875.999999999976
867.999999999995
900.000000000034
907.999999999959
860.99999999999
840.000000000032
865.000000000009
842.999999999961
840.000000000032
834.99999999998
819.999999999993
792.00000000003
848.99999999999
913.999999999987
903.999999999996
789.000000000044
809.999999999945
836.000000000013
863
874.000000000024
878.999999999962
899.000000000001
908.000000000015
889.00000000001
891.00000000002
924.999999999955
919.00000000004
861.999999999966
849.000000000046
885.999999999967
800.000000000011
819.999999999993
951.000000000022
923.000000000002
885.999999999967
956.000000000017
969.99999999997
923.000000000002
866.000000000042
883.999999999958
849.000000000046
806.99999999996
826.000000000022
860.000000000014
861.999999999966
806.00000000004
832.99999999997
894.000000000005
884.999999999991
475.999999999999
543.000000000006
644.000000000005
913.999999999987
903.999999999996
831.999999999994
874.000000000024
891.00000000002
854.999999999961
810.000000000002
816.000000000031
826.999999999998
849.999999999966
810.000000000002
838.999999999999
867.999999999995
917.00000000003
497.99999999999
494.000000000028
685.999999999979
863.999999999976
929.00000000003
921.999999999969
900.000000000034
772.999999999968
729.000000000042
690.999999999974
812.000000000012
834.99999999998
810.000000000002
850.999999999999
875
831.000000000017
745.999999999981
735.000000000014
740.000000000009
753.999999999962
834.000000000003
819.000000000017
797.000000000025
846.99999999998
867.000000000019
889.999999999986
812.000000000012
791.999999999973
819.999999999993
868.999999999971
862.00000000008
809.999999999945
846.99999999998
898.000000000025
893.000000000029
836.000000000013
865.000000000009
908.999999999992
920.999999999935
879.000000000019
892.000000000053
906.999999999925
889.00000000001
906.000000000063
913.000000000011
881.999999999948
802.999999999997
806.00000000004
847.999999999956
874.000000000024
755.999999999972
747.000000000071
766.999999999939
783.000000000015
899.000000000001
918.000000000006
876.999999999953
926.000000000045
936.000000000035
905.999999999949
480.000000000018
485.99999999999
737.999999999943
844.000000000051
792.00000000003
834.999999999923
891.000000000076
943.99999999996
892.000000000053
928.999999999974
938.999999999965
478.000000000065
487.999999999943
706.999999999994
798.999999999978
849.000000000046
855.999999999995
810.000000000059
881.999999999948
962.999999999965
930.000000000064
879.999999999995
908.999999999992
910.999999999945
899.000000000001
480.999999999995
499.000000000024
711.999999999989
827.999999999975
777.000000000044
758.000000000038
818.99999999996
912.000000000035
954.999999999927
917.00000000003
902.000000000044
898.000000000025
886.999999999944
846.99999999998
841.999999999985
884.999999999991
897.000000000048
851.999999999975
838.000000000079
861.999999999966
888.000000000034
806.999999999903
834.00000000006
896.999999999935
900.000000000091
844.999999999914
873.000000000047
909.999999999968
475.000000000023
524.000000000001
746.999999999957
829.000000000065
896.999999999935
929.000000000087
802.000000000021
759.999999999991
780.999999999949
775.999999999954
736.000000000104
860.99999999999
947.000000000003
921.999999999912
836.000000000013
855.000000000018
885.999999999967
858.000000000061
737.999999999943
715.000000000032
778.00000000002
828.999999999951
872.000000000071
783.999999999992
817.000000000007
875.999999999976
948.999999999955
906.000000000063
845.000000000027
864.999999999895
873.000000000047
866.999999999962
825.000000000045
870.000000000005
883.000000000038
779.999999999973
449.999999999932
969.000000000051
691.000000000031
702.999999999975
766.999999999939
745.000000000005
837.000000000103
866.999999999962
880.999999999972
836.000000000013
806.00000000004
849.999999999909
900.000000000091
866.999999999962
821.000000000026
886.999999999944
937.000000000012
912.000000000035
890.999999999963
916.000000000054
937.000000000012
844.999999999914
840.000000000032
887.000000000057
897.999999999911
853.000000000065
881.999999999948
932.000000000016
890.999999999963
867.000000000075
903.00000000002
943.99999999996
871.999999999957
860.99999999999
903.00000000002
899.999999999977
817.000000000007
834.00000000006
861.999999999966
901.000000000067
842.999999999961
850.000000000023
895.999999999958
869.000000000028
828.999999999951
860.99999999999
872.000000000071
875.999999999976
843.999999999937
877.000000000066
913.999999999987
900.999999999954
836.999999999989
883.000000000038
928.999999999974
478.000000000065
491.999999999962
696.000000000026
866.999999999962
961.000000000013
955.000000000041
906.999999999925
921.000000000049
477.999999999952
528.00000000002
748.000000000047
841.000000000008
904.999999999973
934.999999999945
884.000000000015
898.000000000025
902.000000000044
831.000000000017
814.999999999941
850.000000000023
884.999999999991
816.000000000031
803.999999999974
817.999999999984
841.000000000008
820.00000000005
769.000000000005
822.000000000003
868.999999999915
881.000000000085
796.999999999912
835.000000000036
831.999999999994
842.999999999961
777.000000000044
791.000000000054
851.999999999975
876.999999999953
849.000000000046
808.999999999969
864.000000000033
858.999999999924
455.000000000041
1030.99999999995
750
820.00000000005
864.000000000033
809.999999999945
754.000000000019
816.000000000031
810.999999999922
844.000000000051
802.999999999997
783.999999999992
826.000000000022
883.000000000038
841.999999999985
841.000000000008
897.999999999911
918.000000000006
853.000000000065
885.999999999967
882.000000000062
877.999999999929
783.000000000015
836.000000000013
856.999999999971
819.000000000074
810.999999999922
903.00000000002
879.999999999995
865.000000000009
866.999999999962
877.000000000066
786.999999999921
770.000000000095
826.999999999998
832.99999999997
817.999999999984
817.999999999984
867.000000000075
866.999999999962
794.999999999959
808.999999999969
870.000000000005
860.000000000014
815.000000000055
835.000000000036
872.999999999934
826.999999999998
830.000000000041
894.000000000005
918.000000000006
873.99999999991
842.000000000098
875.999999999976
880.999999999972
754.999999999995
726.999999999975
689.000000000078
668.999999999983
692.000000000007
698.999999999955
745.999999999981
820.00000000005
841.999999999985
802.999999999997
735.99999999999
753.000000000043
803.999999999974
804.99999999995
783.000000000015
766.000000000076
847.999999999956
861.999999999966
829.000000000065
860.000000000014
932.999999999993
939.999999999941
909.999999999968
954.000000000065
932.999999999993
847.999999999956
829.000000000065
881.999999999948
882.000000000062
838.999999999942
865.999999999985
878.000000000043
870.000000000005
872.999999999934
927.999999999997
479.000000000042
495.999999999981
714.000000000055
735.99999999999
694.999999999936
763.000000000034
866.999999999962
761.000000000081
797.000000000025
816.999999999894
873.000000000047
918.000000000006
946.000000000026
948.999999999955
894.000000000005
813.999999999965
802.999999999997
748.000000000047
755.999999999972
715.000000000032
663.999999999987
686.000000000035
735.99999999999
751.999999999953
781.000000000063
793.999999999983
788.000000000011
833.999999999946
939.000000000078
935.999999999922
939.000000000078
841.000000000008
832.99999999997
871.999999999957
889.999999999986
851.999999999975
856.000000000108
846.99999999998
764.999999999986
696.000000000026
687.999999999988
693.99999999996
735.000000000014
782.000000000039
776.99999999993
691.000000000031
657.000000000039
697.000000000003
737.999999999943
837.999999999965
913.000000000011
930.000000000064
928.999999999974
873.000000000047
843.999999999937
791.000000000054
801.999999999907
841.000000000008
865.000000000009
873.000000000047
864.000000000033
841.999999999985
871.999999999957
899.999999999977
878.000000000043
840.000000000032
760.999999999967
773.000000000025
762.99999999992
686.000000000035
664.999999999964
668.000000000006
658.999999999992
641.000000000076
635.999999999967
667.00000000003
727.999999999952
696.000000000026
700.000000000045
680.999999999926
665.000000000077
673.000000000002
709.999999999923
739.000000000033
749.000000000024
725.000000000023
673.999999999978
697.000000000003
735.000000000014
745.999999999981
774.000000000001
793.000000000006
808.999999999969
826.000000000022
815.999999999917
780.000000000086
760.999999999967
802.000000000021
831.999999999994
864.000000000033
865.000000000009
843.999999999937
754.999999999995
725.000000000023
730.000000000018
677.999999999997
658.999999999992
717.999999999961
777.000000000044
742.999999999938
780.000000000086
781.999999999925
798.000000000002
742.000000000075
771.999999999935
810.000000000059
819.999999999936
777.000000000044
797.000000000025
841.999999999985
863.999999999919
859.000000000037
796.000000000049
794.999999999959
798.000000000002
821.000000000026
781.999999999925
816.000000000031
856.999999999971
879.999999999995
817.000000000007
823.000000000093
772.999999999911
733.000000000061
692.000000000007
754.999999999995
725.999999999999
699.999999999932
766.000000000076
747.999999999934
735.99999999999
772.000000000048
782.000000000039
741.999999999962
743.000000000052
743.999999999915
735.000000000014
705.000000000041
717.999999999961
740.999999999985
738.000000000056
778.999999999996
855.999999999995
880.999999999972
860.99999999999
875
879.000000000019
839.000000000055
857.999999999947
878.000000000043
842.999999999961
852.999999999952
868.000000000052
852.999999999952
812.999999999988
811.000000000035
864.000000000033
845.000000000027
843.999999999937
836.000000000013
792.00000000003
807.000000000016
841.999999999985
831.000000000017
801.999999999907
777.000000000044
792.00000000003
823.999999999955
834.00000000006
851.999999999975
812.999999999988
785.999999999945
834.00000000006
850.000000000023
775.999999999954
817.000000000007
831.000000000017
811.000000000035
776.99999999993
840.000000000032
840.000000000032
783.999999999992
822.999999999979
845.000000000027
824.999999999932
793.000000000006
825.000000000045
836.999999999989
821.000000000026
813.999999999965
801.000000000045
782.999999999902
826.999999999998
859.000000000037
844.000000000051
778.00000000002
727.999999999952
716.000000000008
578.999999999951
811.000000000035
677.000000000021
675.999999999931
658.000000000015
677.000000000021
701.000000000022
706.999999999994
753.000000000043
796.999999999912
825.000000000045
798.999999999978
742.000000000075
741.999999999962
731.999999999971
682.000000000016
705.000000000041
756.999999999948
825.000000000045
850.999999999999
853.999999999928
805.000000000064
850.999999999999
901.99999999993
931.00000000004
908.999999999992
826.000000000022
818.99999999996
874.000000000024
909.999999999968
845.000000000027
801.000000000045
846.000000000004
892.999999999915
876.00000000009
871.999999999957
893.000000000029
855.999999999995
812.999999999988
838.999999999942
824.000000000069
749.000000000024
774.999999999977
839.999999999918
844.000000000051
783.000000000015
861.999999999966
937.000000000012
947.999999999979
888.000000000034
899.999999999977
860.000000000014
734.000000000037
745.999999999981
756.999999999948
730.000000000018
792.00000000003
817.000000000007
754.999999999995
787.000000000035
793.999999999983
800.999999999931
745.000000000005
740.999999999985
745.000000000005
782.000000000039
783.999999999992
781.000000000063
829.999999999927
829.000000000065
825.999999999908
763.000000000034
793.000000000006
874.000000000024
927.000000000021
937.000000000012
899.999999999977
914.999999999964
926.000000000045
886.999999999944
825.000000000045
817.999999999984
856.999999999971
893.000000000029
818.99999999996
845.000000000027
888.000000000034
904.999999999973
841.999999999985
782.000000000039
816.000000000031
817.000000000007
777.999999999906
805.000000000064
879.000000000019
919.999999999959
885.999999999967
894.999999999982
921.000000000049
880.999999999972
810.000000000059
769.000000000005
793.999999999983
799.999999999955
784.999999999968
738.000000000056
836.999999999989
909.999999999968
931.00000000004
860.99999999999
877.000000000066
914.999999999964
924.999999999955
836.999999999989
746.000000000095
762.99999999992
777.000000000044
771.999999999935
721.000000000004
759.000000000015
795.000000000073
836.000000000013
856.999999999971
774.999999999864
746.000000000095
713.999999999942
682.000000000016
679.000000000087
702.999999999975
709.00000000006
717.999999999847
699.000000000069
683.999999999969
708.000000000084
790.99999999994
829.999999999927
781.000000000176
818.99999999996
874.000000000024
881.999999999834
863.000000000056
854.000000000042
840.999999999894
820.000000000164
827.999999999975
856.999999999971
890.0000000001
882.999999999811
832.000000000107
863.000000000056
779.999999999973
721.99999999998
664.999999999964
699.000000000069
785.999999999831
822.000000000116
844.000000000051
879.999999999882
748.000000000047
1056.00000000004
777.000000000044
788.000000000011
809.999999999945
848.999999999933
818.99999999996
853.000000000065
857.999999999947
831.000000000131
904.999999999973
914.999999999964
859.9999999999
884.000000000015
894.999999999982
823.000000000093
862.00000000008
916.999999999916
880.000000000109
807.000000000016
857.999999999947
917.999999999893
951.999999999998
866.999999999962
873.000000000047
899.000000000115
912.000000000035
817.999999999984
849.999999999909
877.999999999929
864.000000000033
848.999999999933
931.00000000004
957.000000000107
923.999999999978
900.000000000091
923.999999999978
829.999999999927
799.999999999955
850.000000000136
856.999999999971
837.999999999965
865.000000000009
875.999999999976
787.000000000035
825.000000000045
870.999999999867
828.999999999951
907.000000000153
953.999999999951
480.000000000018
522.999999999911
631.000000000085
809.999999999945
871.000000000095
795.999999999822
798.000000000002
807.000000000016
765.0000000001
808.999999999969
849.999999999909
805.000000000064
827.999999999975
888.000000000147
915.99999999994
834.00000000006
865.000000000009
903.999999999996
911.999999999807
862.00000000008
861.000000000104
836.000000000013
870.999999999867
928.000000000111
874.000000000024
804.999999999836
854.000000000042
922.000000000025
825.000000000045
819.999999999936
860.000000000127
903.999999999996
862.999999999829
863.000000000056
828.999999999951
794.000000000096
851.999999999862
909.000000000106
865.000000000009
883.000000000038
915.99999999994
942.000000000007
881.000000000085
901.999999999816
903.999999999996
846.000000000004
822.000000000116
912.000000000035
932.999999999993
825.000000000045
826.999999999998
798.999999999978
798.999999999978
879.999999999882
917.000000000144
840.999999999894
870.000000000118
899.999999999864
842.000000000098
856.999999999971
857.999999999947
774.000000000115
827.999999999975
854.000000000042
865.000000000009
816.99999999978
904.000000000224
973.999999999933
837.999999999965
837.999999999965
904.999999999973
902.000000000044
822.000000000116
889.999999999873
942.000000000007
876.999999999953
938.000000000102
970.000000000027
904.999999999973
922.000000000025
929.999999999836
788.000000000011
745.000000000118
701.999999999998
678.99999999986
762.000000000171
764.999999999873
873.000000000047
968.000000000075
1002.99999999993
890.0000000001
943.99999999996
969.000000000051
898.999999999887
916.999999999916
982.000000000198
477.999999999838
494.000000000142
693.99999999996
826.000000000022
967.999999999847
919.000000000096
944.999999999936
994.000000000142
476.999999999862
516.000000000076
817.999999999984
902.000000000044
829.999999999927
864.000000000033
940.000000000055
847.999999999956
829.999999999927
937.000000000126
934.999999999945
835.000000000036
873.000000000047
943.99999999996
894.999999999982
819.999999999936
866.999999999962
924.999999999955
875
861.000000000104
929.000000000087
862.999999999829
811.000000000149
866.999999999962
923.999999999978
901.000000000067
889.999999999873
911.000000000058
832.000000000107
881.999999999834
881.000000000085
840.999999999894
820.000000000164
928.99999999986
899.000000000115
846.99999999998
856.999999999971
855.999999999995
846.000000000004
929.000000000087
916.999999999916
815.000000000055
839.999999999918
867.999999999938
807.000000000016
798.999999999978
887.000000000171
918.999999999869
879.000000000133
940.999999999804
976.000000000113
923.999999999978
933.999999999969
918.00000000012
850.999999999885
911.000000000058
933.999999999969
844.000000000051
798.999999999978
846.99999999998
838.999999999942
817.000000000007
900.000000000091
924.999999999955
884.000000000015
940.000000000055
913.000000000011
821.999999999889
829.999999999927
881.000000000085
823.000000000093
816.000000000031
863.999999999805
927.000000000135
870.999999999867
844.000000000051
908.000000000129
923.000000000002
821.999999999889
815.000000000055
887.99999999992
922.000000000025
871.000000000095
909.999999999854
947.000000000116
932.000000000016
846.000000000004
844.000000000051
879.999999999882
809.999999999945
812.000000000126
807.999999999993
759.000000000015
788.999999999987
867.999999999938
929.000000000087
880.999999999858
863.000000000056
875.999999999976
885.999999999967
820.000000000164
808.999999999969
846.000000000004
817.000000000007
791.999999999916
874.000000000024
924.999999999955
908.000000000129
870.999999999867
879.000000000133
809.999999999945
726.999999999862
769.000000000005
826.000000000022
793.00000000012
788.999999999987
851.999999999862
907.000000000153
835.000000000036
847.999999999956
848.999999999933
750
763.999999999896
830.000000000155
921.000000000049
832.999999999856
797.000000000025
769.999999999982
716.000000000122
731.999999999971
739.000000000033
722.999999999956
795.000000000073
846.99999999998
815.999999999804
771.000000000186
803.99999999986
841.000000000122
777.000000000044
761.999999999944
832.999999999856
833.000000000084
818.99999999996
842.000000000098
887.99999999992
869.000000000142
859.9999999999
884.000000000015
834.00000000006
808.999999999969
879.999999999882
901.000000000067
809.999999999945
824.000000000069
867.999999999938
786.000000000058
798.999999999978
891.000000000076
992.999999999938
893.000000000029
875
924.999999999955
971.000000000004
932.000000000016
861.000000000104
796.999999999798
843.000000000075
875.999999999976
817.000000000007
795.000000000073
821.999999999889
854.000000000042
750.999999999976
798.999999999978
859.000000000151
963.999999999942
973.999999999933
963.999999999942
951.000000000022
919.000000000096
848.999999999933
884.000000000015
874.000000000024
842.000000000098
808.999999999969
852.999999999838
888.000000000147
923.000000000002
859.9999999999
872.000000000071
848.999999999933
822.000000000116
871.999999999844
830.000000000155
840.999999999894
783.000000000129
736.999999999853
728.000000000065
750
729.000000000042
703.999999999951
693.99999999996
767.000000000053
743.999999999915
806.00000000004
855.999999999995
822.000000000116
750.999999999976
810.999999999922
885.999999999967
885.999999999967
844.000000000051
903.00000000002
939.000000000078
903.999999999996
909.999999999854
865.000000000009
767.000000000053
808.999999999969
885.999999999967
911.000000000058
904.999999999973
956.000000000131
932.000000000016
870.999999999867
894.999999999982
932.000000000016
922.000000000025
856.999999999971
874.000000000024
861.000000000104
833.999999999833
888.000000000147
845.000000000027
781.999999999925
845.000000000027
947.999999999865
940.000000000055
831.000000000131
853.999999999814
902.000000000044
912.000000000035
842.000000000098
871.999999999844
911.000000000058
862.00000000008
905.999999999949
907.999999999902
864.000000000033
888.000000000147
899.999999999864
898.000000000138
841.999999999871
788.999999999987
711.000000000013
646.999999999935
651.000000000067
769.000000000005
884.000000000015
924.999999999955
961.000000000013
1001.99999999995
484.000000000151
543.999999999869
815.000000000055
877.999999999929
834.00000000006
826.999999999998
861.000000000104
835.000000000036
823.999999999842
879.000000000133
898.999999999887
796.000000000049
753.999999999905
795.000000000073
866.999999999962
882.000000000062
817.000000000007
882.000000000062
930.999999999813
886.000000000195
898.999999999887
934.999999999945
849.00000000016
894.999999999982
821.999999999889
736.000000000104
822.999999999865
920.000000000073
822.000000000116
780.999999999949
792.999999999893
872.000000000071
846.000000000004
773.999999999887
775.000000000091
785.000000000082
821.999999999889
810.999999999922
773.000000000138
760.999999999967
707.000000000107
731.999999999971
726.999999999862
788.000000000011
884.000000000015
938.000000000102
932.999999999993
865.999999999985
827.999999999975
787.000000000035
759.000000000015
808.999999999969
886.999999999944
891.000000000076
830.999999999904
790.99999999994
799.000000000206
819.999999999936
851.999999999862
896.000000000186
860.999999999876
934.999999999945
942.999999999984
903.00000000002
936.000000000149
927.999999999884
876.999999999953
851.000000000113
946.999999999889
977.000000000089
912.000000000035
935.999999999922
939.000000000078
932.000000000016
856.999999999971
874.000000000024
942.999999999984
898.999999999887
839.000000000169
896.999999999935
963.999999999942
902.000000000044
871.000000000095
916.999999999916
926.999999999907
871.000000000095
902.000000000044
922.000000000025
842.999999999847
855.999999999995
913.999999999987
954.000000000178
846.000000000004
865.000000000009
915.99999999994
884.999999999991
934.999999999945
938.000000000102
886.999999999944
872.000000000071
890.999999999849
894.000000000005
909.000000000106
941.000000000031
829.999999999927
850.999999999885
876.000000000204
839.999999999918
837.999999999965
901.000000000067
942.999999999984
869.999999999891
866.999999999962
899.000000000115
871.000000000095
846.000000000004
910.999999999831
932.000000000016
827.999999999975
796.000000000049
837.999999999965
824.000000000069
814.000000000078
866.999999999962
903.999999999996
834.00000000006
849.999999999909
894.999999999982
852.000000000089
826.999999999998
839.999999999918
794.000000000096
818.99999999996
926.999999999907
917.000000000144
868.999999999915
946.999999999889
998.000000000047
894.999999999982
846.000000000004
876.999999999953
927.000000000135
894.000000000005
875
903.00000000002
851.999999999862
884.999999999991
949.000000000069
899.000000000115
863.999999999805
956.000000000131
976.999999999862
860.000000000127
866.999999999962
889.000000000124
776.999999999816
739.000000000033
702.999999999975
712.999999999965
813.000000000102
884.999999999991
916.999999999916
878.000000000156
958.999999999833
938.000000000102
857.999999999947
855.000000000018
927.000000000135
930.999999999813
872.000000000071
884.999999999991
872.000000000071
851.999999999862
825.000000000045
846.99999999998
796.000000000049
943.99999999996
1051.00000000016
957.999999999856
843.000000000075
879.999999999882
854.000000000042
801.000000000158
819.999999999936
847.999999999956
863.000000000056
797.000000000025
836.999999999989
900.99999999984
896.000000000186
848.999999999933
883.000000000038
948.999999999842
990.000000000009
956.000000000131
972.999999999956
923.999999999978
875.999999999976
905.999999999949
840.000000000146
811.999999999898
873.000000000047
951.999999999998
866.999999999962
819.999999999936
876.000000000204
900.99999999984
942.000000000007
939.000000000078
978.000000000065
901.999999999816
804.000000000087
846.000000000004
846.000000000004
801.999999999907
776.000000000067
826.000000000022
826.000000000022
788.000000000011
807.000000000016
831.99999999988
774.000000000115
822.999999999865
870.000000000118
831.99999999988
871.000000000095
902.000000000044
846.000000000004
846.99999999998
888.999999999896
832.000000000107
833.000000000084
868.999999999915
905.999999999949
860.000000000127
869.999999999891
883.000000000038
853.000000000065
852.999999999838
898.000000000138
923.000000000002
875
865.999999999985
912.000000000035
923.000000000002
868.999999999915
859.9999999999
886.000000000195
887.99999999992
786.000000000058
805.999999999813
835.000000000036
845.000000000027
807.999999999993
835.000000000036
866.999999999962
855.000000000018
781.999999999925
759.000000000015
763.000000000147
682.999999999993
706.99999999988
779.999999999973
798.000000000002
906.000000000176
961.999999999989
961.999999999989
913.000000000011
836.000000000013
853.999999999814
861.000000000104
843.000000000075
781.999999999925
759.000000000015
710.000000000036
731.999999999971
865.000000000009
827.999999999975
874.000000000024
839.999999999918
774.000000000115
798.999999999978
836.000000000013
826.999999999998
838.999999999942
842.000000000098
834.999999999809
795.000000000073
767.000000000053
721.000000000004
752.999999999929
789.999999999964
817.000000000007
801.000000000158
880.999999999858
921.000000000049
912.000000000035
868.999999999915
895.999999999958
917.000000000144
869.999999999891
855.999999999995
883.000000000038
861.000000000104
813.999999999851
865.999999999985
891.000000000076
835.000000000036
844.000000000051
868.999999999915
855.000000000018
820.999999999913
788.999999999987
716.000000000122
715.999999999894
721.99999999998
752.00000000018
722.999999999956
742.999999999938
779.999999999973
849.00000000016
828.999999999951
894.999999999982
961.000000000013
975.999999999885
952.999999999975
915.000000000191
911.999999999807
822.000000000116
802.999999999884
788.999999999987
778.999999999996
824.000000000069
848.999999999933
866.000000000213
775.99999999984
779.999999999973
815.000000000055
848.999999999933
846.99999999998
851.000000000113
805.000000000064
763.999999999896
715.000000000146
719.9999999998
736.000000000104
712.999999999965
743.999999999915
763.000000000147
797.000000000025
810.999999999922
823.000000000093
795.999999999822
746.000000000095
721.99999999998
728.000000000065
720.000000000027
707.999999999856
662.000000000035
667.000000000144
724.999999999909
827.999999999975
891.000000000076
944.999999999936
887.99999999992
932.999999999993
948.000000000093
955.999999999904
959.00000000006
944.999999999936
927.000000000135
918.999999999869
915.000000000191
798.000000000002
773.999999999887
794.000000000096
885.999999999967
951.000000000022
1009.00000000001
951.999999999998
896.999999999935
875.999999999976
798.000000000002
736.000000000104
794.999999999845
835.000000000036
861.000000000104
919.999999999845
940.000000000055
915.99999999994
890.0000000001
913.000000000011
937.999999999874
950.000000000045
899.000000000115
903.00000000002
938.999999999851
966.000000000122
870.999999999867
916.000000000167
942.999999999984
942.999999999984
878.999999999905
850.000000000136
922.999999999774
901.000000000067
924.999999999955
937.000000000126
927.999999999884
803.000000000111
812.999999999874
850.000000000136
892.000000000053
853.999999999814
852.000000000089
872.000000000071
925.999999999931
835.000000000036
795.000000000073
857.999999999947
859.9999999999
812.000000000126
809.999999999945
904.999999999973
960.000000000036
914.999999999964
845.000000000027
856.999999999971
838.999999999942
799.999999999955
855.999999999995
899.000000000115
838.999999999942
750.999999999976
765.0000000001
815.000000000055
875.999999999976
854.000000000042
803.99999999986
844.000000000051
842.000000000098
747.99999999982
764.000000000124
818.99999999996
875.999999999976
920.000000000073
934.999999999945
877.999999999929
892.000000000053
867.999999999938
885.999999999967
894.000000000005
915.000000000191
899.999999999864
835.000000000036
826.999999999998
924.999999999955
914.999999999964
873.000000000047
931.00000000004
977.000000000089
964.999999999918
943.99999999996
961.999999999989
958.000000000084
905.999999999949
953.999999999951
964.000000000169
909.999999999854
917.000000000144
909.999999999854
830.000000000155
846.99999999998
848.999999999933
802.999999999884
826.000000000022
878.000000000156
924.999999999955
876.999999999953
901.000000000067
925.999999999931
873.000000000047
855.000000000018
898.999999999887
926.000000000158
869.999999999891
842.000000000098
865.999999999985
909.999999999854
888.000000000147
925.999999999931
984.9999999999
954.000000000178
879.999999999882
894.000000000005
911.000000000058
885.999999999967
834.00000000006
859.9999999999
882.000000000062
836.000000000013
749.000000000024
817.000000000007
765.999999999849
718.000000000075
699.000000000069
750.999999999976
822.999999999865
778.00000000002
833.000000000084
894.000000000005
913.999999999987
926.999999999907
900.000000000091
943.99999999996
969.000000000051
968.000000000075
956.99999999988
907.000000000153
940.999999999804
990.000000000009
998.000000000047
989.000000000033
920.000000000073
913.000000000011
920.999999999822
936.000000000149
877.999999999929
891.000000000076
956.99999999988
966.000000000122
914.999999999964
894.999999999982
914.999999999964
898.000000000138
886.999999999944
913.000000000011
915.99999999994
867.999999999938
885.999999999967
861.000000000104
763.999999999896
730.999999999995
695.000000000164
707.999999999856
688.000000000102
720.000000000027
769.000000000005
826.000000000022
784.999999999854
735.000000000127
696.999999999889
683.999999999969
662.000000000035
655.999999999949
759.000000000015
665.000000000191
679.999999999836
653.999999999996
645.999999999958
647.000000000162
637.99999999992
669.000000000096
730.999999999995
720.000000000027
690.999999999804
653.999999999996
694.000000000187
720.000000000027
679.999999999836
710.000000000036
732.999999999947
779.999999999973
835.000000000036
879.000000000133
925.999999999931
897.999999999911
864.000000000033
894.000000000005
908.000000000129
913.000000000011
846.99999999998
884.999999999991
879.999999999882
857.999999999947
785.000000000082
770.999999999958
707.000000000107
697.999999999865
669.000000000096
694.999999999936
768.000000000029
844.000000000051
869.999999999891
832.000000000107
874.000000000024
903.00000000002
858.999999999924
825.000000000045
864.000000000033
888.999999999896
850.000000000136
919.999999999845
975.000000000136
917.999999999893
850.000000000136
883.999999999787
890.0000000001
823.000000000093
890.999999999849
969.000000000051
939.000000000078
864.000000000033
897.999999999911
895.999999999958
861.000000000104
851.999999999862
962.999999999965
999.000000000024
980.000000000018
952.999999999975
960.000000000036
913.999999999987
875
935.000000000173
944.999999999936
890.999999999849
967.000000000098
1027.00000000004
909.999999999854
955.000000000155
937.999999999874
823.000000000093
783.999999999878
767.000000000053
889.000000000124
963.999999999942
934.999999999945
997.000000000071
998.000000000047
923.000000000002
961.000000000013
972.999999999956
850.999999999885
856.999999999971
943.000000000211
