556
555
543
532
530
527
541
569.999999999999
624.000000000001
637
571.000000000001
561
559
569
577.999999999999
563.000000000001
564
567
569.999999999999
565.000000000001
565.999999999999
558
544
532.999999999999
526.000000000002
520.999999999999
538
640.999999999998
1001
811
785
678.000000000001
681.999999999999
675.000000000001
677
666
637
603.999999999999
609.000000000002
605.999999999998
626.000000000001
652.000000000001
657.999999999998
635.000000000002
614.999999999998
643.000000000001
663
657
643.999999999998
606.000000000002
605
603.999999999999
609.999999999999
606.999999999999
608.000000000004
590.999999999994
572.000000000003
581.000000000003
616
1053.99999999999
835.000000000001
687.000000000005
610.999999999997
602.000000000004
599.999999999994
599.000000000004
597.999999999999
588.999999999999
584.000000000003
604.999999999997
643.999999999998
678.000000000004
655.999999999999
616.999999999997
613
588.000000000001
575.000000000003
579.999999999998
588.999999999999
597.999999999999
596.000000000004
589.999999999996
577.000000000005
568.999999999995
570
573
578.000000000003
580.999999999996
578.000000000003
564.999999999998
567
581.000000000003
601.999999999997
661.999999999999
659.000000000006
613.999999999997
613
616
607.999999999997
603.000000000002
588.999999999999
576
579.000000000001
582.000000000001
596.000000000004
602.999999999994
609.999999999999
605.000000000004
578.999999999994
579.000000000008
569.000000000003
557.999999999993
561.000000000007
557.999999999993
546.999999999997
543.000000000006
540.000000000006
529.999999999987
526.00000000001
522.999999999996
516.000000000005
509.999999999991
519.000000000005
521.000000000001
566.999999999993
1106.00000000001
814.999999999998
784.999999999997
673.000000000002
635.000000000005
607.99999999999
585.000000000008
563.999999999993
561.000000000007
554.999999999993
557.000000000002
572.000000000003
599.999999999994
616
594.999999999999
621.000000000009
634.999999999991
669.000000000011
671.999999999997
631
597.999999999999
582.999999999998
579.999999999998
576.000000000008
575.999999999993
575.000000000003
573.999999999998
570.999999999998
567.999999999998
557.000000000002
552.999999999997
549.000000000007
554.999999999993
564.000000000007
588.999999999999
593.999999999994
587.000000000003
572.000000000003
569.999999999993
570.000000000007
582.999999999998
591.999999999999
579.000000000008
561.999999999998
569.000000000003
563.999999999993
564.999999999998
567.999999999998
556.000000000012
544.999999999987
539.000000000001
531.000000000006
530.000000000001
548.999999999992
603.000000000009
813.000000000002
732.99999999999
603.999999999999
588.999999999999
574.000000000012
559.999999999988
550.000000000011
539.000000000001
529.999999999987
521.000000000001
514.00000000001
506
500.999999999991
495.000000000005
492.000000000004
489.999999999995
489.000000000004
491.99999999999
488.000000000014
488.99999999999
490.000000000009
491.99999999999
491
492.000000000004
498.000000000005
530.000000000001
671.999999999997
1053
872
870.000000000005
759.999999999991
686.000000000007
630.999999999986
618.000000000023
597.999999999985
576.999999999998
573.000000000008
563.999999999993
570.999999999998
629.999999999995
1015.00000000001
826.999999999998
790.999999999997
724.999999999994
705.000000000013
710.999999999984
701.000000000022
680.999999999983
640.999999999991
591.000000000008
579.000000000008
564.999999999998
568.999999999988
679.000000000002
1175.00000000001
914.999999999992
893.000000000001
903.999999999996
902.000000000015
717.999999999989
712.000000000018
668.999999999983
615.000000000009
615.000000000009
625
625
629.999999999995
621.999999999986
616.000000000014
598.99999999999
582.999999999998
598.99999999999
595.000000000027
625
642.999999999972
650.000000000006
617.999999999995
601.000000000028
605.999999999995
602.99999999998
599.000000000018
602.99999999998
597.000000000008
575.000000000017
568.999999999988
573.000000000008
582.999999999998
627.999999999986
650.000000000006
653.999999999996
606.999999999999
600.999999999999
599.999999999994
600.999999999999
606.000000000023
596.000000000004
592.999999999989
576.999999999998
570.999999999998
573.000000000008
582.999999999998
604.99999999999
658.000000000015
657.999999999987
632.000000000005
634.999999999991
646.000000000015
649.000000000001
644.000000000005
635.999999999996
598.99999999999
580.999999999989
578.000000000003
574.000000000012
587.999999999994
616.99999999999
651.00000000001
610.000000000014
619.999999999976
637
656.000000000006
728.000000000009
686.999999999983
672.000000000025
616.99999999999
611.999999999995
598.99999999999
594.000000000023
590.000000000003
599.999999999994
590.99999999998
582.000000000022
608.99999999998
637
697.000000000003
697.000000000003
682.999999999993
630.000000000024
600.999999999999
594.999999999999
582.999999999998
574.999999999989
574.000000000012
566.999999999979
552.000000000021
552.999999999997
561.000000000007
594.999999999999
670.999999999992
694.999999999993
661.000000000001
615.000000000009
611.999999999995
615.999999999985
622.000000000014
626.000000000005
611.999999999995
596.000000000004
578.000000000003
575.999999999993
574.999999999989
590.000000000003
626.000000000005
698.000000000008
669.999999999987
655.000000000001
656.000000000006
658.999999999992
633.00000000001
619
586.000000000013
565.999999999974
560.000000000002
560.000000000002
593.000000000018
687.999999999988
752.00000000001
712.999999999994
687.999999999988
655.000000000001
661.000000000001
651.00000000001
646.999999999991
626.000000000005
596.000000000004
576.999999999998
570.999999999998
569.999999999993
599.999999999994
645.00000000001
661.000000000001
614.000000000004
606.999999999999
621.999999999986
640.000000000015
639.00000000001
637
608.99999999998
587.000000000018
578.000000000003
569.999999999993
567.999999999984
588.000000000022
615.999999999985
633.00000000001
611.999999999995
598.99999999999
597.000000000008
598.99999999999
605.000000000018
605.999999999995
585.999999999984
572.000000000003
566.000000000003
551.000000000016
540.999999999997
533.999999999992
527.999999999992
525.000000000006
534.999999999997
564.000000000021
584.99999999998
611.000000000018
590.000000000003
557.999999999993
544.999999999987
533.000000000015
520.999999999987
514.00000000001
518.000000000001
549.000000000007
628.999999999991
1055.00000000001
801.999999999992
828.000000000003
793.999999999983
692.000000000007
632.000000000005
620.000000000005
613.999999999976
609.000000000037
606.999999999971
605.000000000018
596.000000000004
588.999999999999
586.999999999989
589.999999999975
599.000000000046
605.999999999995
610.99999999999
613.999999999976
611.000000000047
599.999999999966
602.000000000032
581.999999999994
567.999999999984
560.999999999979
555.000000000007
554.00000000003
575.999999999965
617.999999999995
650.000000000034
656.999999999982
627.999999999986
621.000000000038
593.999999999994
579.999999999984
574.000000000012
563.999999999965
564.000000000021
579.999999999984
603.000000000009
622.99999999999
607.000000000028
586.999999999989
586.999999999989
592.000000000041
600.999999999999
619.999999999948
613
606.000000000051
584.000000000003
568.99999999996
564.999999999998
557.000000000016
560.000000000002
572.000000000003
587.999999999965
604.000000000042
592.999999999961
582.00000000005
585.999999999956
588.999999999999
596.000000000004
600.000000000023
593.000000000018
575.999999999965
567.000000000007
564.999999999998
562.999999999988
573.000000000036
591.999999999985
637.999999999977
624.000000000024
605.000000000018
606.999999999971
617.999999999995
653.00000000002
661.999999999978
632.000000000005
595.000000000027
592.999999999961
583.000000000027
577.999999999975
575.000000000045
568.99999999996
559.000000000026
555.999999999983
566.000000000031
599.999999999966
1042.00000000003
868.999999999971
817.999999999984
689.000000000021
653.999999999996
646.999999999991
643.000000000029
630.999999999972
610.000000000014
591.000000000008
582.99999999997
583.000000000027
582.99999999997
616.000000000042
652.999999999963
675.000000000011
653.00000000002
637
628.999999999962
637
635.000000000048
630.999999999972
605.000000000018
581.999999999994
581.000000000017
580.99999999996
588.000000000022
634.000000000015
712.999999999965
735.000000000014
781.999999999982
742.999999999995
697.000000000003
691.000000000031
663.999999999987
643.000000000029
634.999999999991
618.999999999971
603.000000000009
588.000000000022
579.999999999984
579.000000000008
574.999999999989
584.000000000003
581.999999999994
567.999999999984
576.999999999998
588.999999999999
605.999999999995
609.000000000037
603.999999999985
588.999999999999
576.999999999998
581.999999999994
586.999999999989
586.000000000013
588.999999999999
571.000000000026
558.999999999969
559.000000000026
560.000000000002
577.999999999975
603.000000000009
608.99999999998
585.000000000036
591.000000000008
596.000000000004
616.999999999962
644.000000000005
637
619.000000000028
599.999999999966
600.999999999999
593.000000000018
591.999999999985
584.000000000003
591.000000000008
581.999999999994
591.999999999985
611.000000000047
635.999999999967
645.000000000039
638.999999999953
596.000000000004
605.999999999995
605.000000000018
613
613
598.99999999999
579.000000000008
579.000000000008
581.999999999994
584.99999999998
600.000000000023
602.000000000032
599.999999999966
581.000000000017
587.999999999965
591.000000000008
605.999999999995
623.000000000047
609.999999999957
588.000000000022
598.000000000013
603.999999999985
613
615.000000000009
603.999999999985
579.000000000008
576.999999999998
586.000000000013
586.999999999989
589.999999999975
598.000000000013
605.000000000018
592.999999999961
597.000000000037
599.999999999966
611.000000000047
608.99999999998
608.000000000004
584.99999999998
591.000000000008
590.000000000032
600.999999999999
621.999999999957
631.000000000029
604.999999999961
577.000000000055
577.999999999975
574.999999999989
595.000000000027
664.999999999964
697.000000000003
655.00000000003
640.999999999963
645.000000000039
635.999999999967
627.00000000001
610.000000000014
596.99999999998
605.999999999995
598.000000000013
603.999999999985
607.000000000028
591.000000000008
570.99999999997
576.000000000022
576.000000000022
598.99999999999
644.999999999982
622.99999999999
590.000000000032
587.999999999965
588.000000000022
591.000000000008
586.999999999989
581.999999999994
569.999999999993
555.999999999983
559.000000000026
555.000000000007
564.999999999998
603.999999999985
627.00000000001
605.999999999995
602.000000000032
623.999999999967
631.000000000029
632.999999999981
632.999999999981
600.000000000023
610.000000000014
611.999999999966
605.000000000018
608.99999999998
602.000000000032
586.999999999989
596.99999999998
590.000000000032
601.999999999975
617.999999999995
597.000000000037
595.999999999947
603.000000000009
622.99999999999
629.000000000019
634.000000000015
598.99999999999
579.999999999984
576.000000000022
564.999999999998
555.999999999983
557.000000000016
559.000000000026
572.999999999979
582.99999999997
571.000000000026
572.999999999979
581.999999999994
597.000000000037
630.999999999972
624.000000000024
622.000000000014
598.99999999999
603.000000000009
594.99999999997
597.000000000037
592.999999999961
581.000000000017
564.999999999998
579.999999999984
583.000000000027
625.999999999976
686.000000000035
693.99999999996
627.00000000001
624.000000000024
622.99999999999
622.99999999999
619.000000000028
613.999999999976
598.000000000013
577.999999999975
579.999999999984
580.000000000041
593.999999999994
639.999999999986
680.999999999983
660.000000000025
613
632.999999999981
624.000000000024
637.999999999977
634.000000000015
608.99999999998
596.000000000004
600.999999999999
600.000000000023
603.000000000009
608.000000000004
596.99999999998
581.999999999994
593.999999999994
602.000000000032
623.999999999967
629.000000000019
641.999999999996
610.000000000014
604.999999999961
602.000000000032
598.99999999999
593.000000000018
599.999999999966
590.000000000032
572.999999999979
573.000000000036
588.999999999999
604.999999999961
639.999999999986
631.000000000029
612.000000000023
590.999999999951
609.000000000037
600.999999999999
591.999999999985
593.000000000018
603.999999999985
579.999999999984
574.000000000012
577.999999999975
597.000000000037
615.999999999985
632.000000000005
615.999999999985
591.000000000008
600.000000000023
609.999999999957
608.000000000004
609.000000000037
593.999999999994
572.000000000003
557.999999999993
550.000000000011
538.000000000011
557.999999999993
1005
771.999999999991
769.000000000005
790.999999999997
829.000000000008
784.999999999968
771.000000000015
670.000000000016
659.999999999968
651.00000000001
641.00000000002
647.999999999968
638.000000000034
610.99999999999
598.000000000013
610.99999999999
622.000000000014
630.999999999972
646.999999999991
639.00000000001
617.999999999995
619.000000000028
618.999999999971
627.00000000001
627.00000000001
610.99999999999
588.999999999999
593.999999999994
600.999999999999
620.000000000005
644.000000000005
644.000000000005
615.000000000009
620.999999999981
625
643.000000000029
647.999999999968
625
593.000000000018
582.99999999997
580.000000000041
582.99999999997
600.999999999999
634.999999999991
603.000000000009
588.999999999999
578.000000000031
584.99999999998
584.99999999998
605.000000000018
643.000000000029
635.999999999967
625
602.999999999952
605.000000000018
596.000000000004
591.000000000008
596.99999999998
600.000000000023
593.000000000075
572.000000000003
578.999999999951
591.000000000008
612.999999999943
653.999999999996
682.999999999993
635.000000000105
620.000000000005
625.999999999976
629.000000000019
626.999999999953
614.000000000033
581.999999999994
576.999999999998
574.999999999932
578.000000000088
607.999999999947
623.000000000047
622.999999999934
598.00000000007
609.9999999999
620.000000000005
656.000000000063
659.999999999968
658.999999999992
629.999999999995
595.000000000027
594.000000000051
579.999999999927
576.999999999998
607.000000000085
652.999999999906
650.000000000091
606.999999999971
653.00000000002
712.999999999965
1069.99999999994
695.00000000005
637.000000000057
600.999999999999
615.999999999985
622.999999999934
619.000000000028
634.999999999991
649.000000000001
642.000000000053
650.999999999954
639.999999999986
635.999999999967
621.000000000095
615.000000000009
606.999999999971
602.999999999952
606.999999999971
615.000000000009
615.000000000009
620.999999999981
629.999999999995
619.000000000028
598.00000000007
611.999999999966
612.999999999943
625
649.000000000001
651.000000000067
631.999999999948
605.000000000018
591.999999999985
596.99999999998
594.000000000051
591.999999999985
576.999999999998
555.000000000064
556.999999999903
574.000000000069
764.00000000001
1038.00000000001
853.999999999928
820.00000000005
780.999999999949
719.000000000051
701.999999999998
701.999999999998
691.000000000031
634.999999999991
630.999999999972
629.999999999995
642.000000000053
656.999999999925
653.999999999996
638.000000000034
609.000000000037
589.999999999918
600.999999999999
605.000000000018
642.000000000053
668.000000000006
663.999999999987
682.999999999993
644.999999999982
620.999999999981
625
625.999999999976
629.000000000019
637.000000000057
625.999999999976
598.999999999933
597.000000000094
598.999999999933
608.000000000061
625
644.000000000005
634.999999999991
600.999999999999
605.999999999995
606.999999999971
605.000000000018
602.999999999952
596.000000000004
583.000000000084
570.999999999913
578.000000000088
574.999999999932
584.00000000006
603.999999999928
604.000000000042
586.000000000013
577.999999999975
582.99999999997
580.000000000041
585.000000000036
593.999999999937
597.999999999956
589.000000000055
575.000000000045
573.999999999955
562.000000000012
559.999999999945
562.999999999988
578.000000000088
584.999999999923
603.000000000065
600.999999999999
583.999999999946
585.000000000036
585.000000000036
587.999999999965
591.999999999985
584.00000000006
572.000000000003
577.999999999975
576.999999999998
582.99999999997
591.999999999985
599.000000000046
602.999999999952
587.999999999965
591.000000000008
600.999999999999
609.000000000037
616.999999999962
624.000000000024
601.999999999975
591.000000000008
595.000000000027
594.000000000051
596.000000000004
591.000000000008
570.999999999913
570.00000000005
564.999999999941
573.000000000093
639.999999999986
1081.99999999999
812.000000000012
736.999999999966
654.999999999973
643.000000000029
630.999999999972
628.000000000043
616.999999999962
586.999999999989
581.999999999994
579.000000000065
586.000000000013
598.999999999933
641.000000000076
638.999999999896
600.000000000023
615.999999999985
633.000000000038
640.999999999963
649.000000000001
644.000000000005
621.000000000095
599.999999999909
600.999999999999
595.000000000027
594.000000000051
597.999999999956
610.000000000014
625
605.999999999995
610.000000000014
626.999999999953
643.000000000029
660.999999999945
663.000000000011
627.000000000066
606.999999999971
615.000000000009
609.000000000037
601.999999999975
587.999999999965
567.999999999984
562.999999999988
560.000000000059
581.000000000017
966.999999999985
802.999999999997
744.000000000028
675.999999999931
653.999999999996
667.00000000003
661.000000000058
630.999999999972
598.999999999933
599.000000000046
590.000000000032
591.000000000008
602.999999999952
613.000000000056
616.999999999962
601.999999999975
581.000000000017
581.000000000017
577.999999999975
583.999999999946
597.000000000094
604.999999999905
622.000000000071
616.999999999962
593.000000000075
611.999999999966
625
653.999999999996
658.000000000015
659.999999999968
625
605.999999999995
609.000000000037
606.999999999971
605.999999999995
594.000000000051
580.999999999904
592.000000000098
594.999999999914
617.000000000075
639.00000000001
646.999999999935
603.000000000065
611.999999999966
607.999999999947
615.000000000009
623.000000000047
617.999999999938
597.000000000094
608.999999999924
604.000000000042
614.000000000033
616.999999999962
622.999999999934
614.000000000033
593.000000000075
606.999999999971
612.999999999943
620.000000000005
634.000000000015
634.999999999991
629.000000000019
632.000000000062
627.999999999929
637.000000000057
633.999999999901
622.000000000071
598.999999999933
603.000000000065
604.000000000042
628.999999999905
670.000000000073
704.999999999927
658.999999999992
641.000000000076
640.999999999963
626.999999999953
622.000000000071
604.000000000042
585.999999999899
595.000000000027
595.000000000027
612.999999999943
689.000000000078
682.999999999993
665.99999999994
691.000000000031
707.99999999997
715.000000000032
682.000000000016
629.000000000019
621.999999999957
610.000000000014
604.000000000042
605.999999999995
605.999999999995
600.000000000023
591.999999999985
613.999999999919
620.000000000005
657.000000000039
667.00000000003
601.999999999975
590.000000000032
591.999999999985
581.000000000017
572.999999999979
562.000000000012
552.000000000021
545.999999999935
536.000000000058
528.999999999996
524.999999999977
514.999999999986
509.999999999991
509.000000000015
504.999999999995
516.999999999939
567.000000000007
574.000000000069
668.000000000006
597.999999999956
543.999999999983
524.999999999977
525.000000000091
519.999999999982
514.999999999986
509.999999999991
510.999999999967
528.999999999996
564.000000000078
588.999999999942
605.000000000018
597.999999999956
600.999999999999
604.000000000042
600.999999999999
596.99999999998
591.000000000008
585.000000000036
578.999999999951
567.000000000007
564.000000000078
562.999999999988
558.999999999969
588.999999999942
715.000000000032
803.999999999974
800.000000000068
760.999999999967
720.000000000027
677.999999999997
650.999999999954
629.000000000019
608.000000000061
589.999999999918
583.000000000084
587.999999999965
631.999999999948
733.000000000061
875.999999999976
748.000000000047
721.99999999998
656.999999999925
610.000000000014
598.00000000007
594.999999999914
621.000000000095
642.999999999915
636.000000000081
626.999999999953
589.000000000055
585.999999999899
584.00000000006
597.999999999956
622.000000000071
636.999999999944
640.999999999963
631.000000000085
600.999999999999
600.000000000023
602.999999999952
616.999999999962
617.000000000075
616.999999999962
607.999999999947
597.000000000094
572.999999999979
562.000000000012
558.999999999969
575.000000000045
714.999999999918
1096.99999999998
836.000000000013
674.000000000092
633.999999999901
615.000000000009
624.000000000024
628.000000000043
611.999999999966
596.99999999998
572.000000000003
570.00000000005
557.999999999993
562.999999999988
609.000000000037
659.999999999968
645.999999999958
609.000000000037
614.000000000033
625
630.999999999972
631.999999999948
622.000000000071
610.99999999999
586.999999999989
583.999999999946
576.999999999998
581.000000000017
591.000000000008
615.000000000009
610.99999999999
580.000000000041
572.999999999979
571.000000000026
581.000000000017
589.999999999918
638.000000000034
659.999999999968
642.000000000053
597.999999999956
585.000000000036
568.99999999996
557.999999999993
550.000000000068
539.999999999964
537.000000000035
535.999999999945
542.00000000003
544.999999999959
550.000000000068
546.999999999912
543.000000000006
547.000000000025
557.999999999993
571.000000000026
581.999999999994
572.999999999979
572.999999999979
573.000000000093
572.000000000003
560.999999999922
556.00000000004
554.99999999995
560.000000000059
576.999999999998
611.999999999966
632.000000000062
629.999999999995
611.999999999966
630.999999999972
635.999999999967
655.000000000086
648.000000000025
647.999999999911
624.000000000024
592.999999999961
597.000000000094
599.999999999909
620.000000000005
646.000000000072
649.999999999977
634.000000000015
607.999999999947
615.999999999985
622.000000000071
654.999999999973
653.999999999996
634.000000000015
611.999999999966
586.999999999989
590.000000000032
596.99999999998
628.000000000043
667.00000000003
679.99999999995
621.999999999957
622.000000000071
627.999999999929
641.000000000076
664.999999999964
648.000000000025
610.000000000014
594.999999999914
597.000000000094
591.000000000008
603.999999999928
637.000000000057
650.999999999954
642.000000000053
649.999999999977
615.000000000009
605.999999999995
591.999999999985
582.99999999997
572.999999999979
562.000000000012
555.000000000064
548.999999999978
539.999999999964
546.000000000049
552.999999999997
595.000000000027
601.999999999975
621.999999999957
618.000000000052
597.999999999956
603.000000000065
627.999999999929
648.000000000025
639.00000000001
629.000000000019
611.999999999966
595.000000000027
572.000000000003
569.999999999936
567.999999999984
581.999999999994
605.000000000018
639.999999999986
656.000000000063
693.99999999996
668.999999999983
628.000000000043
623.000000000047
626.999999999953
637.000000000057
639.999999999986
637.99999999992
605.000000000018
593.000000000075
594.999999999914
603.000000000065
630.999999999972
633.000000000038
651.99999999993
606.999999999971
602.000000000089
596.99999999998
600.000000000023
586.999999999989
582.99999999997
566.000000000031
562.999999999988
562.000000000012
582.99999999997
624.000000000024
659.999999999968
659.999999999968
638.000000000034
605.999999999995
613.000000000056
606.999999999971
595.000000000027
591.999999999985
591.999999999985
588.999999999942
598.00000000007
582.99999999997
597.999999999956
604.000000000042
658.000000000015
720.000000000027
701.000000000022
630.999999999972
605.000000000018
605.999999999995
603.999999999928
615.000000000009
615.000000000009
610.99999999999
600.000000000023
575.000000000045
575.999999999908
569.000000000074
559.999999999945
561.000000000035
546.000000000049
554.99999999995
577.999999999975
622.000000000071
656.999999999925
711.000000000013
627.000000000066
656.999999999925
634.000000000015
626.999999999953
619.000000000028
625.999999999976
634.000000000015
629.999999999995
628.000000000043
639.00000000001
663.000000000011
653.00000000002
633.999999999901
625
600.000000000023
586.000000000013
577.999999999975
579.000000000065
596.99999999998
658.000000000015
789.999999999964
730.999999999995
706.999999999994
653.999999999996
665.000000000077
663.999999999987
663.999999999987
657.000000000039
646.999999999935
605.999999999995
620.000000000005
614.000000000033
641.999999999939
701.000000000022
701.000000000022
662.000000000035
616.999999999962
629.000000000019
629.999999999995
662.000000000035
677.999999999997
659.999999999968
612.999999999943
625
629.999999999995
658.000000000015
690.000000000055
661.999999999921
611.000000000104
622.999999999934
615.999999999985
613.000000000056
630.999999999972
649.999999999977
643.000000000029
652.000000000044
716.999999999985
770.999999999958
764.999999999986
750
704.000000000065
658.999999999992
653.00000000002
645.999999999958
641.999999999939
641.000000000076
626.999999999953
612.00000000008
655.999999999949
679.99999999995
703.000000000088
649.999999999977
655.999999999949
634.000000000015
642.000000000053
652.999999999906
645.000000000095
653.999999999996
644.000000000005
634.999999999991
611.999999999966
592.999999999961
593.000000000075
576.999999999998
573.999999999955
644.000000000005
639.999999999986
594.000000000051
586.000000000013
581.999999999994
579.999999999927
579.000000000065
567.000000000007
563.999999999965
558.999999999969
555.000000000064
550.999999999931
548.000000000002
541.000000000054
535.999999999945
527.000000000044
527.000000000044
516.999999999939
519.999999999982
524.999999999977
543.000000000006
607.000000000085
678.999999999974
670.999999999935
622.000000000071
653.00000000002
649.000000000001
655.999999999949
637.000000000057
686.999999999898
714.000000000055
715.000000000032
670.999999999935
625.999999999976
615.000000000009
604.000000000042
609.000000000037
634.000000000015
640.999999999963
615.999999999985
629.000000000019
644.999999999982
653.00000000002
638.000000000034
634.999999999991
605.999999999995
606.999999999971
607.999999999947
628.000000000043
673.999999999978
677.999999999997
654.999999999973
622.000000000071
640.999999999963
637.000000000057
644.000000000005
660.999999999945
628.000000000043
627.999999999929
644.000000000005
651.000000000067
650.999999999954
620.999999999981
646.000000000072
629.999999999995
627.999999999929
610.000000000014
622.000000000071
609.9999999999
623.000000000047
632.000000000062
627.999999999929
603.000000000065
586.999999999989
596.000000000004
601.999999999975
616.999999999962
629.999999999995
624.000000000024
620.000000000005
594.000000000051
594.999999999914
610.000000000014
653.00000000002
758.000000000038
738.999999999919
672.000000000025
619.000000000028
615.000000000009
610.99999999999
615.000000000009
620.999999999981
615.000000000009
610.000000000014
590.000000000032
575.999999999908
562.000000000012
552.000000000021
558.999999999969
548.000000000002
541.000000000054
538.999999999987
533.000000000015
528.00000000002
522.999999999911
527.000000000044
541.000000000054
562.999999999988
572.999999999979
598.999999999933
608.000000000061
622.999999999934
622.000000000071
622.999999999934
631.000000000085
622.999999999934
595.000000000027
581.000000000017
576.000000000022
601.999999999975
664.000000000101
654.999999999973
645.999999999958
627.999999999929
632.000000000062
617.999999999938
618.999999999915
625
634.000000000015
630.000000000109
638.999999999896
644.000000000005
663.999999999987
665.000000000191
664.999999999964
664.999999999964
658.999999999878
650.000000000091
653.00000000002
653.00000000002
653.999999999996
648.999999999887
679.000000000087
670.000000000073
656.999999999925
617.999999999938
632.000000000062
627.999999999929
683.999999999969
727.000000000089
673.999999999978
624.000000000024
634.999999999991
632.000000000062
639.999999999873
632.000000000062
633.000000000038
608.999999999924
604.000000000042
610.000000000127
605.999999999995
611.999999999853
625.999999999976
622.000000000071
592.000000000098
586.999999999989
605.000000000018
634.999999999991
759.000000000015
727.999999999838
722.999999999956
643.000000000029
637.000000000171
625.999999999976
625.999999999976
633.000000000038
648.999999999887
660.000000000082
656.999999999925
654.999999999973
623.000000000047
613.000000000056
615.000000000009
619.999999999891
645.999999999958
676.000000000158
675.999999999931
672.000000000025
666.999999999916
631.000000000085
607.999999999947
588.999999999942
582.000000000107
582.999999999856
598.000000000184
656.999999999925
734.9999999999
816.000000000031
783.000000000129
750.999999999976
700.000000000045
660.999999999831
622.000000000071
618.999999999915
611.000000000104
613.000000000056
624.000000000024
637.99999999992
646.999999999935
622.000000000071
602.000000000089
618.999999999915
634.999999999991
654.999999999973
645.999999999958
650.000000000091
634.999999999991
606.999999999971
609.9999999999
604.000000000042
603.000000000065
609.9999999999
630.000000000109
625.999999999976
623.000000000047
588.999999999942
594.000000000051
594.000000000051
598.999999999933
628.999999999905
673.000000000002
708.000000000084
672.000000000025
623.000000000047
627.999999999929
642.000000000053
646.999999999935
637.99999999992
631.000000000085
617.999999999938
604.000000000042
601.000000000113
613.999999999805
615.000000000009
615.000000000009
618.000000000166
595.000000000027
611.999999999853
624.000000000024
650.000000000091
678.99999999986
686.000000000149
656.999999999925
624.000000000024
624.000000000024
623.000000000047
615.999999999985
612.999999999829
605.999999999995
600.000000000136
576.000000000022
577.999999999975
580.999999999904
613.000000000056
721.99999999998
713.999999999942
691.000000000031
624.000000000024
627.999999999929
625
632.000000000062
633.000000000038
634.999999999991
624.000000000024
597.999999999956
584.00000000006
585.000000000036
590.999999999894
600.000000000136
650.99999999984
701.999999999998
718.000000000075
675.999999999931
643.000000000029
668.00000000012
673.999999999978
673.000000000002
679.999999999836
650.000000000091
607.999999999947
596.99999999998
586.999999999989
591.000000000122
605.999999999995
656.999999999925
785.000000000082
835.000000000036
799.999999999955
766.000000000076
715.999999999894
663.000000000011
621.000000000095
596.99999999998
578.999999999951
567.999999999984
568.99999999996
587.999999999965
687.000000000126
1069.99999999994
869.999999999891
939.000000000078
932.000000000016
743.999999999915
667.000000000144
611.999999999853
591.000000000122
581.99999999988
580.000000000155
612.999999999829
692.000000000007
823.000000000093
826.999999999998
798.000000000002
740.000000000009
682.999999999993
680.000000000064
668.999999999869
659.000000000106
643.000000000029
616.999999999962
586.999999999989
567.999999999984
565.000000000055
562.999999999874
606.999999999971
1235.00000000013
789.999999999964
723.999999999933
675.000000000182
665.99999999994
675.999999999931
692.000000000007
702.999999999975
689.000000000078
660.000000000082
625
622.99999999982
619.000000000142
630.999999999858
657.000000000153
656.999999999925
645.999999999958
614.000000000033
633.000000000038
643.000000000029
660.999999999831
653.00000000002
644.000000000005
612.00000000008
596.000000000004
593.000000000075
586.999999999989
598.999999999933
633.000000000038
691.000000000031
684.999999999945
646.999999999935
631.000000000085
644.000000000005
655.999999999949
657.999999999902
642.000000000053
615.000000000009
593.000000000075
601.999999999862
607.000000000198
617.999999999938
643.000000000029
665.99999999994
650.000000000091
613.999999999805
613.000000000056
615.999999999985
623.000000000047
630.000000000109
637.99999999992
625.999999999976
597.999999999956
586.999999999989
591.000000000122
592.999999999847
605.999999999995
645.000000000209
700.999999999794
711.999999999989
681.00000000004
697.000000000116
684.999999999945
680.000000000064
665.99999999994
617.999999999938
595.000000000027
592.000000000098
586.000000000013
588.999999999942
623.000000000047
663.000000000011
686.999999999898
683.999999999969
614.000000000033
620.000000000118
612.999999999829
621.000000000095
637.99999999992
630.000000000109
627.999999999929
607.999999999947
584.00000000006
582.000000000107
573.999999999842
571.00000000014
579.999999999927
593.000000000075
620.999999999867
637.000000000171
625.999999999976
608.999999999924
623.000000000047
637.99999999992
646.999999999935
642.000000000053
645.999999999958
630.000000000109
597.999999999956
585.000000000036
572.999999999865
564.000000000078
565.000000000055
586.000000000013
695.999999999913
1211.00000000001
903.00000000002
788.999999999987
742.999999999938
710.000000000036
663.999999999987
638.000000000147
602.999999999838
581.000000000131
575.000000000045
563.999999999851
558.999999999969
582.000000000107
617.999999999938
689.000000000078
732.999999999947
681.00000000004
730.999999999995
729.000000000042
721.99999999998
690.000000000055
660.999999999831
619.000000000142
607.999999999947
603.000000000065
599.999999999909
613.000000000056
653.00000000002
682.999999999993
675.999999999931
649.000000000115
621.999999999844
632.000000000062
635.999999999967
639.000000000124
654.999999999973
672.000000000025
646.999999999935
624.000000000024
599.999999999909
600.000000000136
602.999999999838
615.000000000009
647.000000000162
700.999999999794
673.000000000002
639.000000000124
614.000000000033
617.999999999938
612.00000000008
601.999999999862
603.000000000065
605.999999999995
592.000000000098
596.000000000004
616.999999999962
658.999999999878
703.999999999951
707.000000000107
681.00000000004
623.000000000047
625
619.999999999891
625.999999999976
633.000000000038
640.0000000001
616.999999999962
592.999999999847
596.000000000004
594.000000000051
629.000000000133
1113.99999999981
881.000000000085
827.999999999975
654.999999999973
654.999999999973
645.000000000209
654.999999999973
670.999999999822
672.000000000025
677.000000000135
660.999999999831
631.000000000085
634.999999999991
643.000000000029
673.999999999978
726.000000000113
714.999999999918
685.999999999922
643.000000000029
665.99999999994
648.000000000138
643.000000000029
637.99999999992
611.000000000104
615.999999999985
618.999999999915
633.000000000038
634.999999999991
680.000000000064
673.999999999978
706.99999999988
721.99999999998
685.000000000173
738.999999999805
729.000000000042
696.00000000014
657.999999999902
620.000000000118
609.9999999999
600.999999999885
597.000000000207
606.999999999971
639.999999999873
674.999999999955
677.000000000135
699.000000000069
666.999999999916
615.000000000009
625.999999999976
634.000000000015
645.999999999958
663.999999999987
658.000000000129
635.999999999967
620.999999999867
632.000000000062
644.000000000005
649.000000000115
658.999999999878
657.999999999902
631.000000000085
604.000000000042
602.000000000089
604.999999999791
619.000000000142
662.000000000035
717.999999999847
683.999999999969
656.000000000176
610.999999999876
615.999999999985
611.000000000104
622.000000000071
650.99999999984
670.000000000073
685.999999999922
670.000000000073
650.000000000091
656.999999999925
652.000000000044
676.999999999907
656.999999999925
615.000000000009
610.000000000127
605.999999999995
619.999999999891
643.000000000029
644.000000000005
634.999999999991
623.000000000047
605.000000000018
614.000000000033
611.999999999853
616.000000000213
627.999999999929
639.999999999873
613.000000000056
610.000000000127
641.999999999825
700.000000000045
832.000000000107
768.000000000029
716.999999999871
649.000000000115
650.99999999984
642.000000000053
640.0000000001
644.999999999982
633.000000000038
615.000000000009
588.999999999942
601.999999999862
605.000000000018
674.999999999955
808.00000000022
721.000000000004
660.999999999831
637.000000000171
636.999999999944
662.000000000035
728.999999999814
718.000000000075
676.999999999907
642.000000000053
637.000000000171
629.999999999882
625
626.999999999953
631.000000000085
624.000000000024
623.000000000047
615.000000000009
626.999999999953
635.999999999967
668.999999999869
695.000000000164
695.999999999913
642.000000000053
664.999999999964
660.000000000082
656.999999999925
679.000000000087
669.999999999845
624.000000000024
617.999999999938
617.000000000189
637.99999999992
702.999999999975
824.000000000069
762.99999999992
678.000000000111
670.999999999822
669.000000000096
695.999999999913
732.000000000198
715.999999999894
664.999999999964
627.999999999929
631.000000000085
629.000000000133
654.999999999973
736.999999999853
831.000000000131
702.999999999975
721.99999999998
712.999999999965
714.999999999918
740.999999999985
709.00000000006
657.000000000153
669.999999999845
659.000000000106
675.999999999931
665.99999999994
649.000000000115
653.00000000002
672.000000000025
701.999999999998
805.999999999813
772.000000000162
679.999999999836
631.000000000085
632.000000000062
629.999999999882
651.000000000067
694.999999999936
692.000000000007
658.000000000129
646.999999999935
684.999999999945
716.000000000122
739.000000000033
743.999999999915
677.999999999884
634.000000000015
625.999999999976
629.000000000133
653.00000000002
668.999999999869
721.000000000004
702.999999999975
678.000000000111
646.999999999935
686.000000000149
703.999999999951
692.000000000007
666.999999999916
624.000000000024
610.000000000127
615.999999999985
616.999999999962
639.999999999873
725.000000000136
765.999999999849
775.000000000091
714.999999999918
701.999999999998
707.000000000107
703.999999999951
704.999999999927
678.000000000111
641.000000000076
627.999999999929
648.999999999887
670.000000000073
783.000000000129
839.999999999918
705.999999999904
702.999999999975
721.000000000004
763.000000000147
767.000000000053
748.999999999796
658.000000000129
662.000000000035
654.999999999973
651.000000000067
658.999999999878
653.00000000002
640.0000000001
606.999999999971
607.999999999947
605.000000000018
620.999999999867
702.999999999975
895.000000000209
826.999999999998
713.999999999942
699.000000000069
712.999999999965
743.999999999915
764.000000000124
740.999999999985
687.999999999874
665.99999999994
680.000000000064
678.000000000111
701.999999999998
690.999999999804
657.000000000153
620.999999999867
630.000000000109
626.999999999953
643.000000000029
698.000000000093
730.000000000018
687.999999999874
665.99999999994
686.000000000149
710.000000000036
702.999999999975
672.000000000025
623.999999999796
610.000000000127
607.999999999947
613.000000000056
655.999999999949
732.999999999947
773.000000000138
736.999999999853
662.000000000035
696.00000000014
699.999999999818
701.000000000022
676.000000000158
632.999999999811
637.000000000171
646.999999999935
663.999999999987
698.000000000093
717.999999999847
696.00000000014
653.999999999996
679.999999999836
673.000000000002
689.000000000078
695.999999999913
672.000000000025
631.000000000085
635.999999999967
622.000000000071
625.999999999976
655.999999999949
637.99999999992
653.00000000002
725.000000000136
1168.99999999987
938.000000000102
690.000000000055
663.000000000011
658.999999999878
663.999999999987
672.000000000025
668.00000000012
637.99999999992
607.999999999947
614.000000000033
613.000000000056
668.999999999869
801.000000000158
721.99999999998
718.999999999824
726.000000000113
747.000000000071
720.000000000027
675.999999999931
632.000000000062
634.000000000015
614.999999999782
611.000000000104
611.000000000104
621.999999999844
637.000000000171
633.999999999787
622.000000000071
615.999999999985
596.99999999998
576.999999999998
567.000000000007
573.000000000093
575.000000000045
564.999999999827
560.000000000173
559.999999999945
559.999999999945
559.999999999945
559.000000000196
556.999999999789
559.000000000196
557.999999999993
563.999999999851
557.999999999993
556.00000000004
556.00000000004
559.999999999945
574.000000000069
614.000000000033
668.999999999869
730.000000000018
713.999999999942
694.000000000187
665.99999999994
643.000000000029
625.999999999976
608.999999999924
585.000000000036
576.000000000022
576.999999999998
597.999999999956
821.00000000014
1171.9999999998
778.999999999996
664.000000000215
648.999999999887
637.99999999992
644.000000000005
663.999999999987
681.00000000004
692.000000000007
686.000000000149
636.999999999944
648.999999999887
652.000000000044
623.000000000047
609.9999999999
610.000000000127
616.999999999962
643.000000000029
643.000000000029
601.999999999862
587.999999999965
574.000000000069
588.999999999942
595.000000000027
602.000000000089
612.00000000008
622.99999999982
628.000000000156
630.999999999858
630.000000000109
630.999999999858
622.000000000071
613.000000000056
611.999999999853
601.000000000113
593.000000000075
586.000000000013
580.999999999904
597.999999999956
609.000000000151
628.999999999905
638.999999999896
642.000000000053
653.999999999996
660.000000000082
642.000000000053
608.999999999924
586.999999999989
575.000000000045
577.999999999975
568.99999999996
558.999999999969
548.000000000002
539.999999999964
529.999999999973
522.000000000162
515.999999999849
520.000000000209
533.999999999878
578.999999999951
610.000000000127
577.999999999975
618.999999999915
616.999999999962
633.000000000038
593.000000000075
596.99999999998
615.000000000009
618.999999999915
619.000000000142
615.999999999985
631.999999999834
635.000000000218
640.999999999849
634.999999999991
615.999999999985
605.000000000018
597.999999999956
599.00000000016
615.000000000009
657.999999999902
698.000000000093
660.999999999831
609.000000000151
591.999999999871
599.00000000016
609.9999999999
674.999999999955
1141.00000000008
796.000000000049
714.999999999918
709.00000000006
646.999999999935
623.000000000047
626.999999999953
623.000000000047
634.999999999991
653.00000000002
673.999999999978
690.000000000055
670.999999999822
666.000000000167
648.999999999887
644.000000000005
634.000000000015
605.999999999995
605.999999999995
605.999999999995
615.999999999985
670.000000000073
758.000000000038
783.999999999878
755.000000000109
692.000000000007
693.99999999996
680.000000000064
668.999999999869
650.000000000091
634.000000000015
613.000000000056
586.000000000013
589.999999999918
603.000000000065
682.000000000016
811.999999999898
806.00000000004
704.999999999927
709.00000000006
713.999999999942
698.000000000093
686.999999999898
669.000000000096
634.999999999991
624.000000000024
610.999999999876
597.999999999956
598.000000000184
607.999999999947
620.999999999867
603.000000000065
621.000000000095
625.999999999976
667.999999999893
716.000000000122
679.999999999836
628.000000000156
640.999999999849
648.000000000138
654.999999999973
647.999999999911
635.999999999967
611.000000000104
601.000000000113
596.000000000004
591.999999999871
598.999999999933
629.000000000133
653.999999999996
648.999999999887
614.000000000033
629.000000000133
632.999999999811
658.000000000129
683.999999999969
679.000000000087
664.999999999964
623.000000000047
629.999999999882
634.999999999991
633.000000000038
644.000000000005
643.000000000029
639.999999999873
624.000000000024
644.999999999982
664.999999999964
669.000000000096
663.999999999987
616.999999999962
610.000000000127
598.999999999933
595.000000000027
589.999999999918
586.000000000013
563.000000000102
563.999999999851
559.000000000196
552.999999999884
547.000000000025
548.999999999978
585.000000000036
614.000000000033
640.999999999849
653.999999999996
633.000000000038
609.000000000151
597.999999999956
594.000000000051
594.9999999998
596.000000000004
609.000000000151
619.999999999891
596.99999999998
608.000000000175
612.999999999829
627.00000000018
646.999999999935
661.000000000058
648.999999999887
664.999999999964
662.000000000035
684.999999999945
662.000000000035
649.000000000115
649.999999999864
636.999999999944
615.000000000009
591.000000000122
594.000000000051
593.999999999824
623.000000000047
807.999999999993
1137.00000000017
960.999999999785
781.000000000176
701.000000000022
683.999999999969
659.999999999854
656.000000000176
637.99999999992
612.00000000008
592.999999999847
597.999999999956
605.999999999995
653.00000000002
1113.00000000006
855.000000000018
717.000000000098
670.999999999822
667.000000000144
666.999999999916
664.999999999964
661.000000000058
644.000000000005
612.00000000008
597.999999999956
604.000000000042
615.999999999985
721.99999999998
1182.00000000002
871.999999999844
686.000000000149
684.999999999945
663.000000000011
661.000000000058
674.999999999955
666.999999999916
642.000000000053
612.00000000008
625
630.999999999858
682.999999999993
759.999999999991
714.000000000169
649.999999999864
673.000000000002
673.000000000002
679.000000000087
676.999999999907
637.000000000171
606.999999999971
606.999999999971
596.99999999998
605.000000000018
649.999999999864
781.000000000176
770.999999999958
706.99999999988
690.000000000055
677.000000000135
702.999999999975
709.999999999809
686.000000000149
658.999999999878
633.000000000038
650.000000000091
639.999999999873
667.000000000144
687.999999999874
719.000000000051
692.000000000007
671.000000000049
672.000000000025
682.999999999993
718.999999999824
719.000000000051
680.000000000064
625.999999999976
616.999999999962
607.999999999947
599.00000000016
608.999999999924
644.000000000005
683.999999999969
764.000000000124
726.999999999862
697.000000000116
673.999999999978
680.000000000064
665.99999999994
655.999999999949
635.999999999967
605.999999999995
595.000000000027
594.000000000051
604.000000000042
658.999999999878
805.000000000064
799.999999999955
701.000000000022
643.000000000029
625.999999999976
608.999999999924
595.000000000027
586.999999999989
601.000000000113
586.999999999989
579.999999999927
575.000000000045
568.99999999996
559.999999999945
551.000000000158
541.999999999916
533.000000000129
528.999999999996
523.999999999887
516.000000000076
512.99999999992
509.000000000015
503.999999999905
503.000000000156
506.999999999834
522.000000000162
540.99999999994
582.000000000107
587.999999999965
630.999999999858
613.000000000056
595.000000000027
595.000000000027
587.999999999965
636.999999999944
712.999999999965
706.000000000131
664.999999999964
685.999999999922
667.000000000144
654.999999999973
659.999999999854
637.000000000171
625.999999999976
605.999999999995
585.000000000036
572.999999999865
568.99999999996
573.000000000093
604.000000000042
657.999999999902
748.000000000047
833.000000000084
768.000000000029
657.999999999902
634.000000000015
628.999999999905
632.000000000062
646.999999999935
649.000000000115
630.999999999858
617.000000000189
615.000000000009
623.999999999796
655.0000000002
725.999999999885
739.000000000033
681.00000000004
655.999999999949
655.999999999949
668.00000000012
651.999999999816
653.00000000002
632.000000000062
613.000000000056
626.999999999953
625
643.000000000029
660.000000000082
675.999999999931
625.999999999976
625.999999999976
625.999999999976
650.000000000091
677.999999999884
679.000000000087
670.000000000073
625
622.99999999982
605.000000000018
599.00000000016
609.9999999999
622.000000000071
623.000000000047
596.99999999998
602.999999999838
604.000000000042
601.000000000113
606.999999999971
594.000000000051
580.999999999904
579.999999999927
570.000000000164
562.999999999874
558.999999999969
555.000000000064
560.999999999922
551.000000000158
544.999999999845
538.999999999987
532.000000000153
533.999999999878
542.000000000144
553.99999999986
578.999999999951
569.000000000187
603.999999999814
671.000000000049
735.000000000127
